# Created by Octave 4.2.2, Sun Sep 06 21:52:57 2020 UTC   
# name: omega
# type: matrix
# rows: 5
# columns: 1
 -0.01812243046594093
 0.08682301824093107
 0.01866618351288736
 0.08119750438072973
 0.08033473224074243


