# Created by Octave 4.2.2, Sun Sep 06 21:19:03 2020 UTC   
# name: omega
# type: matrix
# rows: 4
# columns: 1
 0.1965242592936299
 0.01149317324746302
 0.206524198535542
 0.1729416612095701


