# Created by Octave 4.2.2, Sun Sep 06 21:41:18 2020 UTC   
# name: omega
# type: matrix
# rows: 5
# columns: 1
 -0.06518190954147925
 0.1921434618785611
 0.01296368030286356
 0.2028301951787238
 0.1761465595521678


