# Created by Octave 4.2.2, Mon Sep 07 00:52:17 2020 UTC   
# name: omega
# type: matrix
# rows: 5
# columns: 1
 0.0929316284043335
 0.2088659964700558
 0.03577532201831363
 0.2004403286974467
 0.180773971662045


