# Created by Octave 4.2.2, Sun Sep 06 22:05:03 2020 UTC   
# name: omega
# type: matrix
# rows: 5
# columns: 1
 0.06623676710585411
 0.07580162908834337
 0.02192172289418311
 0.07382262576127521
 0.08949567175172729


