# Created by Octave 4.2.2, Sun Sep 06 23:06:27 2020 UTC   
# name: omega
# type: matrix
# rows: 5
# columns: 1
 0.08782521169095368
 0.08987853437300572
 0.009214463435348621
 0.07917156066487002
 0.07801742480692431


