# Created by Octave 4.2.2, Sun Sep 06 21:09:55 2020 UTC   
# name: omega
# type: matrix
# rows: 5
# columns: 1
 -0.0569119070118175
 0.1880351702088668
 0.01489506249740987
 0.215096732289967
 0.1683097562570999


