# Created by Octave 4.2.2, Sun Sep 06 20:22:10 2020 UTC   
# name: omega
# type: matrix
# rows: 5
# columns: 1
 0.1000642038733553
 0.07618763432261229
 0.01470541086886064
 0.06441641926597569
 0.08694960699387833


