# Created by Octave 4.2.2, Mon Sep 07 00:27:37 2020 UTC   
# name: omega
# type: matrix
# rows: 5
# columns: 1
 0.04141163185444759
 0.09070105712930547
 0.01683816422061309
 0.08222539983913889
 0.07972361485448161


