# Created by Octave 4.2.2, Sun Sep 06 23:56:17 2020 UTC   
# name: omega
# type: matrix
# rows: 5
# columns: 1
 0.0446424656978515
 0.08807487831960495
 0.004806154916473363
 0.09053462268839133
 0.08267787782401648


