# Created by Octave 4.2.2, Sun Sep 06 22:56:49 2020 UTC   
# name: omega
# type: matrix
# rows: 5
# columns: 1
 0.07873634976198771
 0.08965867426217521
 0.008268972694303534
 0.08076691915753985
 0.07716125860080085


