# Created by Octave 4.2.2, Sun Sep 06 20:24:38 2020 UTC   
# name: omega
# type: matrix
# rows: 5
# columns: 1
 0.1178532599216566
 0.0713633528746182
 0.01352819071308712
 0.0655111559706974
 0.09028754132500737


