# Created by Octave 4.2.2, Mon Sep 07 00:49:20 2020 UTC   
# name: omega
# type: matrix
# rows: 5
# columns: 1
 0.08998441428741862
 0.2089342087772491
 0.0356771567865332
 0.2007625251709599
 0.1804671805202016


