# Created by Octave 4.2.2, Sun Sep 06 23:25:04 2020 UTC   
# name: omega
# type: matrix
# rows: 5
# columns: 1
 0.04299227017307015
 0.08646547773777168
 0.006370510805527425
 0.09710038626938908
 0.08030898591621415


