# Created by Octave 4.2.2, Sun Sep 06 23:02:36 2020 UTC   
# name: omega
# type: matrix
# rows: 5
# columns: 1
 0.07195133003972193
 0.0906015229820184
 0.007704693232704102
 0.07965257977571884
 0.07901131857740308


