# Created by Octave 4.2.2, Sun Sep 06 21:33:53 2020 UTC   
# name: omega
# type: matrix
# rows: 5
# columns: 1
 0.07508072081905855
 0.07349955158264536
 0.01115663652422501
 0.07917517259185886
 0.09188559751585038


