# Created by Octave 4.2.2, Mon Sep 07 00:32:31 2020 UTC   
# name: omega
# type: matrix
# rows: 5
# columns: 1
 0.1036735542409884
 0.08375020127233462
 0.01693124886091932
 0.08203340728021087
 0.07472312551311722


