# Created by Octave 4.2.2
# name: omega
# type: matrix
# rows: 5
# columns: 1
 -0.06689611905911343
 0.2185839084170796
 0.0145240859133815
 0.1818090379794254
 0.1763882698690939


