# Created by Octave 4.2.2, Mon Sep 07 00:12:36 2020 UTC   
# name: omega
# type: matrix
# rows: 5
# columns: 1
 0.04445371066141107
 0.08825942241968979
 0.004802866008533018
 0.09029287349708234
 0.0829269917512464


