# Created by Octave 4.2.2, Mon Sep 07 00:19:22 2020 UTC   
# name: omega
# type: matrix
# rows: 5
# columns: 1
 0.1206185199088205
 0.1971689320087065
 0.01093443549627287
 0.202643851083831
 0.1807305888818518


