# Created by Octave 4.2.2, Sun Sep 06 23:51:19 2020 UTC   
# name: omega
# type: matrix
# rows: 5
# columns: 1
 0.1288518457142703
 0.1919521770830715
 0.01235112818071228
 0.2132854206852068
 0.1737311438844255


