# Created by Octave 4.2.2, Sun Sep 06 20:35:41 2020 UTC   
# name: omega
# type: matrix
# rows: 5
# columns: 1
 -0.031187682588879
 0.09179403591681466
 0.009568379014718525
 0.07819817714570505
 0.07966984797192458


