# Created by Octave 4.2.2, Mon Sep 07 00:39:51 2020 UTC   
# name: omega
# type: matrix
# rows: 5
# columns: 1
 0.07964233784928668
 0.08658723729435815
 0.01689746870448664
 0.08213272983849766
 0.07720262864185599


