# Created by Octave 4.2.2, Mon Sep 07 00:04:39 2020 UTC   
# name: omega
# type: matrix
# rows: 5
# columns: 1
 0.06769125515090851
 0.08560874384285608
 0.003684131761504113
 0.09006530543853197
 0.08250123039564972


