# Created by Octave 4.2.2, Sun Sep 06 23:13:31 2020 UTC   
# name: omega
# type: matrix
# rows: 5
# columns: 1
 0.08013124241826344
 0.2172991723538601
 0.01657462427574893
 0.1894853062000108
 0.1736768601691482


