# Created by Octave 4.2.2, Sun Sep 06 22:08:45 2020 UTC   
# name: omega
# type: matrix
# rows: 5
# columns: 1
 -0.02852991774722719
 0.08836494636106537
 0.01824363137836261
 0.08164702095591275
 0.07885161917551974


