# Created by Octave 4.2.2, Sun Sep 06 21:37:55 2020 UTC   
# name: omega
# type: matrix
# rows: 5
# columns: 1
 -0.02964797479563164
 0.08506382946118866
 0.00588953500148678
 0.08900044307880249
 0.08180352419194731


