# Created by Octave 4.2.2, Sun Sep 06 21:44:43 2020 UTC   
# name: omega
# type: matrix
# rows: 5
# columns: 1
 0.06791016108217432
 0.1813088283693467
 0.01746723561240357
 0.1897283892508192
 0.182590338532227


