# Created by Octave 4.2.2, Sun Sep 06 22:31:45 2020 UTC   
# name: omega
# type: matrix
# rows: 5
# columns: 1
 0.08668282224522535
 0.09280335642085957
 0.00499062826896131
 0.07860291125551287
 0.07851813165436604


