# Created by Octave 4.2.2, Mon Sep 07 00:30:04 2020 UTC   
# name: omega
# type: matrix
# rows: 5
# columns: 1
 0.08795408262572341
 0.0851766849097321
 0.01595732431250082
 0.08159416852550178
 0.0769967686593841


