# Created by Octave 4.2.2, Mon Sep 07 00:22:46 2020 UTC   
# name: omega
# type: matrix
# rows: 5
# columns: 1
 0.134301673640616
 0.1969511725742077
 0.01116890639323163
 0.2017934376939033
 0.1811672876895371


