# Created by Octave 4.2.2, Sun Sep 06 23:53:47 2020 UTC   
# name: omega
# type: matrix
# rows: 4
# columns: 1
 0.1965834562491815
 0.01143334956444847
 0.2064246787545448
 0.1731076092139556


