# Created by Octave 4.2.2, Sun Sep 06 21:55:24 2020 UTC   
# name: omega
# type: matrix
# rows: 5
# columns: 1
 0.07508754361571715
 0.07431611206817945
 0.02301593678920247
 0.07006067459570543
 0.08798630578945782


