# Created by Octave 4.2.2, Sun Sep 06 20:19:41 2020 UTC   
# name: omega
# type: matrix
# rows: 5
# columns: 1
 -0.01168268854578053
 0.08946884664732004
 0.009848151361619168
 0.07699789662843022
 0.08190685351713989


