# Created by Octave 4.2.2, Sun Sep 06 23:27:34 2020 UTC   
# name: omega
# type: matrix
# rows: 5
# columns: 1
 0.0743271890086545
 0.08260801511577837
 0.006528625387573071
 0.09703418536384588
 0.07787213052306591


