# Created by Octave 4.2.2, Mon Sep 07 00:43:27 2020 UTC   
# name: omega
# type: matrix
# rows: 5
# columns: 1
 0.04204547230920823
 0.09060705849683492
 0.0168598734334588
 0.08218134457329949
 0.07975181487141288


