# Created by Octave 4.2.2, Mon Sep 07 00:01:19 2020 UTC   
# name: omega
# type: matrix
# rows: 5
# columns: 1
 0.1040397092117148
 0.08286595783994487
 0.005318217824636162
 0.09003343497349524
 0.07907977473714577


