# Created by Octave 4.2.2
# name: omega
# type: matrix
# rows: 5
# columns: 1
 0.08202482982032611
 0.08058012931900695
 0.009327570759931889
 0.06700616357601144
 0.08856863082554062


