# Created by Octave 4.2.2, Sun Sep 06 22:51:53 2020 UTC   
# name: omega
# type: matrix
# rows: 4
# columns: 1
 0.2167845069352059
 0.01657507352181521
 0.1905469458661191
 0.1684575197919267


