# Created by Octave 4.2.2, Sun Sep 06 21:21:35 2020 UTC   
# name: omega
# type: matrix
# rows: 5
# columns: 1
 -0.00993276842424041
 0.0834603763443031
 0.005820539588339115
 0.08796321613151652
 0.08342724351054165


