# Created by Octave 4.2.2, Sun Sep 06 20:52:54 2020 UTC   
# name: omega
# type: matrix
# rows: 5
# columns: 1
 0.115094264760129
 0.0663154106045491
 0.01293314302143408
 0.08244473134322944
 0.08718127707807509


