# Created by Octave 4.2.2, Sun Sep 06 23:41:18 2020 UTC   
# name: omega
# type: matrix
# rows: 5
# columns: 1
 0.03948760081668253
 0.08623871030492086
 0.006540985645674563
 0.09729516498295332
 0.07970096105490158


