# Created by Octave 4.2.2, Sun Sep 06 22:49:28 2020 UTC   
# name: omega
# type: matrix
# rows: 5
# columns: 1
 0.1429662885910727
 0.2225246461084924
 0.01338667477561154
 0.1823730654887752
 0.1817206615155191


