# Created by Octave 4.2.2, Sun Sep 06 21:24:06 2020 UTC   
# name: omega
# type: matrix
# rows: 5
# columns: 1
 0.09901608726129932
 0.06970031868027543
 0.01246568808469444
 0.07345729924807784
 0.08973232086697476


