# Created by Octave 4.2.2, Sun Sep 06 20:47:56 2020 UTC   
# name: omega
# type: matrix
# rows: 4
# columns: 1
 0.1917823419009677
 0.01398387905023124
 0.2183821392336171
 0.1657751483099233


