# Created by Octave 4.2.2
# name: omega
# type: matrix
# rows: 5
# columns: 1
 0.09290769980246369
 0.2076941822485079
 0.01457255424129516
 0.1686891762373899
 0.1832638916330528


