# Created by Octave 4.2.2, Sun Sep 06 22:20:57 2020 UTC   
# name: omega
# type: matrix
# rows: 4
# columns: 1
 0.2230853871567466
 0.01314568886999271
 0.1857078246926128
 0.1726525084168953


