# Created by Octave 4.2.2, Sun Sep 06 21:13:15 2020 UTC   
# name: omega
# type: matrix
# rows: 5
# columns: 1
 0.08386821352178485
 0.1774576498352763
 0.01963452026726756
 0.2036871072958913
 0.1759219516085571


