# Created by Octave 4.2.2, Sun Sep 06 19:46:16 2020 
# name: omega
# type: matrix
# rows: 4
# columns: 1
 0.2233257259996055
 0.01340296849056387
 0.1851906292339909
 0.1727488653997537


