# Created by Octave 4.2.2, Sun Sep 06 23:37:24 2020 UTC   
# name: omega
# type: matrix
# rows: 5
# columns: 1
 0.08221593944379992
 0.08194135981124323
 0.00671314958010801
 0.09642286941897814
 0.07818079080621022


