# Created by Octave 4.2.2, Sun Sep 06 21:57:51 2020 UTC   
# name: omega
# type: matrix
# rows: 5
# columns: 1
 0.1272086496707144
 0.06588543350606443
 0.02314588662075102
 0.06552058617124819
 0.09149002085917909


