# Created by Octave 4.2.2, Sun Sep 06 22:42:48 2020 UTC   
# name: omega
# type: matrix
# rows: 5
# columns: 1
 0.1093883411842435
 0.2228391296898489
 0.01308743615925549
 0.1846210450371396
 0.180299599884415


