# Created by Octave 4.2.2  
# name: omega
# type: matrix
# rows: 5
# columns: 1
 0.07813381576721301
 0.08242596062707462
 0.008463156440889024
 0.07059892244413718
 0.08959503440712259


