# Created by Octave 4.2.2, Mon Sep 07 00:15:57 2020 UTC   
# name: omega
# type: matrix
# rows: 5
# columns: 1
 0.08776037221165081
 0.197312690837294
 0.01087940947717711
 0.2051188204281325
 0.1796596232690553


