# Created by Octave 4.2.2, Sun Sep 06 20:38:56 2020 UTC   
# name: omega
# type: matrix
# rows: 5
# columns: 1
 -0.07509426696921409
 0.2119054922511166
 0.01803854457480471
 0.1858870182622346
 0.1719999242105383


