# Created by Octave 4.2.2, Sun Sep 06 22:11:58 2020 UTC   
# name: omega
# type: matrix
# rows: 5
# columns: 1
 -0.06889821233501102
 0.2048201982957204
 0.038608028152346
 0.2001813670386629
 0.1765758870114333


