# Created by Octave 4.2.2
# name: omega
# type: matrix
# rows: 5
# columns: 1
 0.1325951541446018
 0.07258546723707347
 0.00996185181845638
 0.06339866834228211
 0.09200256907474907


