# Created by Octave 4.2.2, Sun Sep 06 20:58:36 2020 UTC   
# name: omega
# type: matrix
# rows: 5
# columns: 1
 0.1011921654834417
 0.06661703076487202
 0.01222237995845298
 0.08458139366900978
 0.08850341232926327


