# Created by Octave 4.2.2, Mon Sep 07 00:25:10 2020 UTC   
# name: omega
# type: matrix
# rows: 4
# columns: 1
 0.2090898888175041
 0.03705239588863266
 0.2036763793037377
 0.1729725787059835


