# Created by Octave 4.2.2, Sun Sep 06 22:15:14 2020 UTC   
# name: omega
# type: matrix
# rows: 5
# columns: 1
 0.04897073257923592
 0.1913792458728329
 0.04336893619735082
 0.1862416475487971
 0.1861276129717507


