# Created by Octave 4.2.2, Sun Sep 06 23:10:16 2020 UTC   
# name: omega
# type: matrix
# rows: 5
# columns: 1
 0.04441523601551729
 0.09516333982823227
 0.008855137080422204
 0.07962624063774945
 0.08066102259293642


