# Created by Octave 4.2.2, Sun Sep 06 23:47:58 2020 UTC   
# name: omega
# type: matrix
# rows: 5
# columns: 1
 0.1122485608990279
 0.1921956681477174
 0.01278411534058018
 0.2140542841802519
 0.1729820115987581


