# Created by Octave 4.2.2, Sun Sep 06 22:46:08 2020 UTC   
# name: omega
# type: matrix
# rows: 5
# columns: 1
 0.1329808424167737
 0.2226439002697293
 0.01329194594363304
 0.1827390201898415
 0.1810270466880663


