# Created by Octave 4.2.2, Sun Sep 06 20:27:54 2020 UTC   
# name: omega
# type: matrix
# rows: 5
# columns: 1
 0.08800979222528181
 0.07610462555741594
 0.01423243182466939
 0.06827681886332775
 0.08903019402504105


