# Created by Octave 4.2.2, Sun Sep 06 22:35:42 2020 UTC   
# name: omega
# type: matrix
# rows: 5
# columns: 1
 0.08803152033424835
 0.09229312044036302
 0.004989138634896631
 0.0778622208984316
 0.07891902977562346


