# Created by Octave 4.2.2, Sun Sep 06 21:48:06 2020 UTC   
# name: omega
# type: matrix
# rows: 5
# columns: 1
 0.1032167728772715
 0.1785124110154158
 0.01634402293033362
 0.1873953216321409
 0.1813632222755477


