# Created by Octave 4.2.2, Sun Sep 06 21:16:35 2020 UTC   
# name: omega
# type: matrix
# rows: 5
# columns: 1
 0.1123694669091343
 0.1757836403686898
 0.02011697450965695
 0.2012166130611016
 0.1747588426280508


