# Created by Octave 4.2.2, Sun Sep 06 23:20:07 2020 UTC   
# name: omega
# type: matrix
# rows: 5
# columns: 1
 0.128670837464865
 0.2171899760244352
 0.01683028915331313
 0.1856810479423433
 0.1749313631669875


