# Created by Octave 4.2.2, Sun Sep 06 20:45:30 2020 UTC   
# name: omega
# type: matrix
# rows: 5
# columns: 1
 0.1054362356256109
 0.1982736837288593
 0.02284565770186687
 0.1681170207046407
 0.1794468643837322


