# Created by Octave 4.2.2, Sun Sep 06 21:06:32 2020 UTC   
# name: omega
# type: matrix
# rows: 5
# columns: 1
 -0.02393020405012488
 0.08362796159767442
 0.007255374400460055
 0.09646609016223633
 0.078630897213535


