# Created by Octave 4.2.2, Sun Sep 06 22:28:25 2020 UTC   
# name: omega
# type: matrix
# rows: 5
# columns: 1
 0.1084049197016473
 0.09018528888058804
 0.004784945510906852
 0.07773947870807114
 0.07767184058662718


