# Created by Octave 4.2.2, Sun Sep 06 23:44:36 2020 UTC   
# name: omega
# type: matrix
# rows: 5
# columns: 1
 0.0784544394622593
 0.1923568728390938
 0.01285208414858339
 0.2168683132252237
 0.1720825294266517


