# Created by Octave 4.2.2, Sun Sep 06 20:31:46 2020 UTC   
# name: omega
# type: matrix
# rows: 5
# columns: 1
 0.07872398710323017
 0.07931509931222008
 0.01312395221961575
 0.07012865190984742
 0.08927891167189325


