# Created by Octave 4.2.2
# name: omega
# type: matrix
# rows: 5
# columns: 1
 0.06352254976743188
 0.2083878602856157
 0.01623094696185027
 0.1711210038258485
 0.1853663485274183


