# Created by Octave 4.2.2, Sun Sep 06 23:16:49 2020 UTC   
# name: omega
# type: matrix
# rows: 5
# columns: 1
 0.1149154276185792
 0.217521405513583
 0.01684746626881527
 0.1863391580023942
 0.1746852371935162


