# Created by Octave 4.2.2, Sun Sep 06 23:30:04 2020 UTC   
# name: omega
# type: matrix
# rows: 5
# columns: 1
 0.1025655226457617
 0.08023248603772219
 0.007201059724088242
 0.09593030494217587
 0.07623207955999931


