# Created by Octave 4.2.2, Sun Sep 06 22:25:56 2020 UTC   
# name: omega
# type: matrix
# rows: 5
# columns: 1
 0.09450808656861488
 0.09211158941372453
 0.004831966372650383
 0.07936149696680199
 0.07790519188602657


