# Created by Octave 4.2.2, Sun Sep 06 21:50:29 2020 UTC   
# name: omega
# type: matrix
# rows: 4
# columns: 1
 0.2090528595700044
 0.03687918410384045
 0.2038306273819677
 0.1730396949561997


