# Created by Octave 4.2.2, Sun Sep 06 21:26:38 2020 UTC   
# name: omega
# type: matrix
# rows: 5
# columns: 1
 0.1187976420231819
 0.06643657037453951
 0.01399447142506521
 0.07199830208830912
 0.094019845876421


