# Created by Octave 4.2.2, Sun Sep 06 22:59:16 2020 UTC   
# name: omega
# type: matrix
# rows: 5
# columns: 1
 0.108277212497461
 0.08749707316796621
 0.009252581010689374
 0.07970007404902062
 0.07561597803238045


