# Created by Octave 4.2.2, Sun Sep 06 23:33:23 2020 UTC   
# name: omega
# type: matrix
# rows: 5
# columns: 1
 0.06446270420611998
 0.08320843797525401
 0.006018269372251878
 0.09616650751961119
 0.07923514100476478


