# Created by Octave 4.2.2, Sun Sep 06 22:39:31 2020 UTC   
# name: omega
# type: matrix
# rows: 5
# columns: 1
 0.05446678643417002
 0.09768591965601731
 0.005670328478005795
 0.07890882220359602
 0.0805002684153427


