# Created by Octave 4.2.2
# name: omega
# type: matrix
# rows: 5
# columns: 1
 0.08924212301841081
 0.07903784055972198
 0.009476501228710894
 0.0696118825154886
 0.09137362635902165


