# Created by Octave 4.2.2, Sun Sep 06 23:22:34 2020 UTC   
# name: omega
# type: matrix
# rows: 4
# columns: 1
 0.1918160908736086
 0.014263550309601
 0.2182260371171077
 0.1656183732879447


