# Created by Octave 4.2.2, Sun Sep 06 22:01:12 2020 UTC   
# name: omega
# type: matrix
# rows: 5
# columns: 1
 0.1213300326489606
 0.06783960444108338
 0.02398964945170199
 0.06548227782450881
 0.09092142006012272


