# Created by Octave 4.2.2, Sun Sep 06 21:29:52 2020 UTC   
# name: omega
# type: matrix
# rows: 5
# columns: 1
 0.09182299368756068
 0.07087291960076947
 0.01380713110302066
 0.07589624023992661
 0.09237773951570903


