# Created by Octave 4.2.2, Sun Sep 06 22:54:19 2020 UTC   
# name: omega
# type: matrix
# rows: 5
# columns: 1
 0.04290477115197666
 0.09504005255954297
 0.009097845564079672
 0.07955203660231064
 0.08035163957200148


