# Created by Octave 4.2.2, Mon Sep 07 00:35:59 2020 UTC   
# name: omega
# type: matrix
# rows: 5
# columns: 1
 0.07089375290971986
 0.08655796714821773
 0.01567842811785165
 0.08161154310103856
 0.07812816059645226


