# Created by Octave 4.2.2, Sun Sep 06 20:17:14 2020 UTC   
# name: omega
# type: matrix
# rows: 4
# columns: 1
 0.2170235908184794
 0.01664158303107155
 0.1901150601094909
 0.1686656995237341


