# Created by Octave 4.2.2, Sun Sep 06 22:23:26 2020 UTC   
# name: omega
# type: matrix
# rows: 5
# columns: 1
 0.05331458160209097
 0.09778233732058007
 0.005733676769495228
 0.0787258988478146
 0.08051770816420856


