# Created by Octave 4.2.2, Sun Sep 06 20:50:25 2020 UTC   
# name: omega
# type: matrix
# rows: 5
# columns: 1
 -0.01056918650376979
 0.08117948999026897
 0.007290692994239396
 0.09519227352968995
 0.08082410959974283


