# Created by Octave 4.2.2, Sun Sep 06 21:02:34 2020 UTC   
# name: omega
# type: matrix
# rows: 5
# columns: 1
 0.07867203428273199
 0.07019659495423632
 0.01078362722100763
 0.08778142219647779
 0.08836162442215252


