# Created by Octave 4.2.2, Sun Sep 06 22:18:30 2020 UTC   
# name: omega
# type: matrix
# rows: 5
# columns: 1
 0.07579075794459278
 0.1896842793275492
 0.04297726096628843
 0.1845013105853983
 0.1842800125341362


