# Created by Octave 4.2.2, Mon Sep 07 00:08:39 2020 UTC   
# name: omega
# type: matrix
# rows: 5
# columns: 1
 0.08563676616339985
 0.08432637911180146
 0.004969926107414781
 0.0897021888466896
 0.08123546786542982


