# Created by Octave 4.2.2, Sun Sep 06 23:58:48 2020 UTC   
# name: omega
# type: matrix
# rows: 5
# columns: 1
 0.07529131374122913
 0.08504853898559649
 0.004070303165689822
 0.09121814245983634
 0.08089855454038834


