# Created by Octave 4.2.2
# name: omega
# type: matrix
# rows: 5
# columns: 1
 -0.03138094170735201
 0.09432757596218272
 0.006473152090753343
 0.0774658499499845
 0.07912376612559401


