# Created by Octave 4.2.2    
# name: omega
# type: matrix
# rows: 5
# columns: 1
 -0.01252986383997451
 0.09319231974262969
 0.006293538968290971
 0.07632106386511323
 0.08117837591669597


