# Created by Octave 4.2.2, Mon Sep 07 00:46:23 2020 UTC   
# name: omega
# type: matrix
# rows: 5
# columns: 1
 0.08670812770062711
 0.2088912184077938
 0.03598424920143775
 0.2005407174994081
 0.1801980387103206


