# Created by Octave 4.2.2, Sun Sep 06 20:42:13 2020 UTC   
# name: omega
# type: matrix
# rows: 5
# columns: 1
 0.07512268541158618
 0.1992706568375308
 0.02252876002576741
 0.1710000324189959
 0.1813579008104739


