# Created by Octave 4.2.2, Sun Sep 06 20:55:24 2020 UTC   
# name: omega
# type: matrix
# rows: 5
# columns: 1
 0.1376699688019722
 0.06104932688515094
 0.01238818711746648
 0.08023037141258357
 0.09045692700370199


